2.046725785237304418e-01
5.469110964122451957e-02
5.471950470094977259e-02
5.531977570097525859e-02
2.303866925998052789e-02
1.152401839205598882e-02
1.240388754524976433e-02
2.305738826483696297e-02
1.241640347616308412e-02
2.278326341079867090e-02
1.199860702006972507e-02
4.000823316776541336e-03
4.561064449408143602e-03
4.002108754897958261e-03
2.282486647274057506e-03
4.371164639812304131e-03
1.201017597449382038e-02
4.568879210845954060e-03
4.377051396134337864e-03
1.151366163824264939e-02
7.082220952885978638e-03
1.771010373888191620e-03
2.125995604163915826e-03
1.180976486707402927e-03
7.091808883039448430e-04
1.420675238694247677e-03
1.771918308075300444e-03
7.096961357009920045e-04
7.111985956645722629e-04
1.918121888509640707e-03
7.089484437054142940e-03
2.130632830716117782e-03
1.424119213674173573e-03
1.921087160438952196e-03
6.604248600969553698e-03
