2.046725785237303863e-01
5.469110964122451957e-02
5.471950470094978647e-02
5.531977570097533492e-02
2.303866925998051748e-02
1.152401839205599923e-02
1.240388754524976260e-02
2.305738826483701154e-02
1.241640347616312576e-02
2.278326341079874029e-02
1.199860702006971293e-02
4.000823316776539601e-03
4.561064449408135796e-03
4.002108754897994690e-03
2.282486647274056639e-03
4.371164639812300662e-03
1.201017597449379956e-02
4.568879210846002632e-03
4.377051396134360416e-03
1.151366163824270143e-02
7.082220952885966495e-03
1.771010373888190319e-03
2.125995604163909321e-03
1.180976486707414203e-03
7.091808883039427830e-04
1.420675238694242472e-03
1.771918308075322128e-03
7.096961357010025213e-04
7.111985956645690103e-04
1.918121888509638105e-03
7.089484437054085694e-03
2.130632830716137731e-03
1.424119213674197209e-03
1.921087160438966941e-03
6.604248600969591862e-03
4.542819051956638668e-03
9.087514968402403501e-04
1.142082143760404398e-03
4.544694309228042642e-04
2.856970823504674951e-04
5.987127145106232442e-04
4.545629529789895471e-04
1.905823090785617208e-04
1.997870735026119186e-04
5.551932855038954227e-04
9.093126297269429111e-04
2.860496797900441055e-04
2.000032164169235826e-04
2.779991275296093967e-04
9.683492485637627475e-04
4.547495168505587444e-03
1.144902923660913539e-03
6.006579999044686776e-04
5.568037455449429763e-04
9.699483861106950565e-04
4.133118004125962454e-03
3.092563614001012789e-03
5.155132658326194760e-04
6.746040545436870388e-04
2.062396461526131472e-04
1.349917762492746525e-04
2.955405053433870968e-04
1.547054453697354389e-04
6.753133517468766110e-05
7.395631520868935823e-05
2.124561673620137064e-04
2.063081494549068556e-04
6.756674662245325800e-05
4.935165733408734443e-05
7.091408885757329624e-05
2.514445760599721578e-04
5.158557828473007241e-04
1.352042449718228174e-04
7.409863863984021085e-05
7.100950042546752767e-05
1.259224537286180909e-04
5.400192318904547357e-04
3.095646274681113433e-03
6.763746278308177019e-04
2.966790922066683497e-04
2.133148710814724268e-04
2.522456712544185941e-04
5.409388098987435870e-04
2.756660060215823833e-03
2.201753454848245743e-03
3.145787633404158699e-04
4.265318434069463463e-04
1.048737486540574185e-04
7.112048276549261781e-05
1.623179782379039686e-04
6.293273116510204206e-05
2.846091646814368615e-05
3.249133542703869497e-05
9.666705698956470710e-05
6.294119861101521343e-05
2.135521974143095474e-05
1.625953248534869967e-05
2.419676224494576140e-05
8.768840592034791710e-05
1.049160859250971662e-04
2.848632267644580615e-05
1.627339212825833589e-05
1.615117986087664505e-05
2.927392095595182203e-05
1.267632603924953051e-04
3.147904501102817966e-04
7.124751385177591234e-05
3.257449326251727446e-05
2.425678684760683879e-05
2.931841434942161130e-05
6.348747368195663862e-05
3.244827208443535151e-04
2.203827991288300793e-03
4.276751238550882683e-04
1.630109598339368586e-04
9.714725349979755255e-05
8.808884636196098522e-05
1.271869235038184461e-04
3.250429105119594445e-04
1.929957009078863035e-03
1.623443860742971060e-03
2.029528174482903501e-04
2.838620059982469978e-04
5.799288972905242660e-05
4.056719947582444855e-05
9.626805990478224610e-05
2.899962463835218269e-05
1.352755554024362018e-05
1.605681139591164471e-05
4.950929820165960338e-05
2.320223917304464973e-05
8.119623318155833134e-06
6.427576184786968242e-06
9.913124147377817813e-06
3.683577070591290299e-05
2.900596785770156050e-05
8.122709879887773655e-06
4.824319152575684815e-06
4.962195340689725523e-06
9.222211355940111900e-06
4.046121665755990528e-05
5.801826264372760716e-05
1.354298835339205531e-05
6.437272611499343749e-06
4.967829614435619051e-06
6.156993543957328984e-06
1.350900085247255278e-05
6.938445988820634539e-05
2.030860255765179001e-04
4.064436358645209606e-05
1.610529351545850578e-05
9.946929776397726882e-06
9.248779544757145584e-06
1.353095676391704921e-05
3.475153768818058022e-05
2.066010023939053282e-04
1.624864752314552404e-03
2.846182149422357677e-04
9.670439877049524986e-05
4.979101155257422334e-05
3.704831612270502754e-05
4.065881987082056286e-05
6.962187363517925774e-05
2.069597968401410391e-04
1.403676673485821551e-03
