2.046725785237303308e-01
5.469110964122451957e-02
5.471950470094956442e-02
5.531977570097521696e-02
2.303866925998049320e-02
1.152401839205596280e-02
1.240388754524974699e-02
2.305738826483711562e-02
1.241640347616300433e-02
2.278326341079862927e-02
1.199860702006965568e-02
4.000823316776528325e-03
4.561064449408139265e-03
4.002108754898036323e-03
2.282486647274041894e-03
4.371164639812283315e-03
1.201017597449388977e-02
4.568879210845997428e-03
4.377051396134276282e-03
1.151366163824260602e-02
7.082220952885894504e-03
1.771010373888172104e-03
2.125995604163912790e-03
1.180976486707439790e-03
7.091808883039423493e-04
1.420675238694240738e-03
1.771918308075348799e-03
7.096961357010041476e-04
7.111985956645579515e-04
1.918121888509622926e-03
7.089484437054126460e-03
2.130632830716152476e-03
1.424119213674184632e-03
1.921087160438908394e-03
6.604248600969515534e-03
4.542819051956555401e-03
9.087514968402208345e-04
1.142082143760409386e-03
4.544694309228140220e-04
2.856970823504673324e-04
5.987127145106230274e-04
4.545629529790077075e-04
1.905823090785634284e-04
1.997870735026104820e-04
5.551932855038933627e-04
9.093126297269498500e-04
2.860496797900481713e-04
2.000032164169226610e-04
2.779991275296017530e-04
9.683492485637503876e-04
4.547495168505598720e-03
1.144902923660924381e-03
6.006579999044696534e-04
5.568037455449318090e-04
9.699483861106542905e-04
4.133118004125900004e-03
3.092563614000907839e-03
5.155132658326066824e-04
6.746040545436958209e-04
2.062396461526137435e-04
1.349917762492739478e-04
2.955405053433862294e-04
1.547054453697443836e-04
6.753133517468782373e-05
7.395631520868916849e-05
2.124561673620137335e-04
2.063081494549161526e-04
6.756674662245567035e-05
4.935165733408776456e-05
7.091408885757203586e-05
2.514445760599702605e-04
5.158557828472947610e-04
1.352042449718249045e-04
7.409863863984056322e-05
7.100950042546625373e-05
1.259224537286128597e-04
5.400192318904448695e-04
3.095646274681120805e-03
6.763746278308239903e-04
2.966790922066712228e-04
2.133148710814708276e-04
2.522456712544105168e-04
5.409388098987148556e-04
2.756660060215772659e-03
